003760
008053
003049
007324
001267
004813
006271
005542
000538
006989
009106
004651
005380
003922
000376
008215
001429
006433
002158
005704
007162
004570
003841
000295
008134
007405
001348
006352
002077
005623
007081
000619
007799
001186
004732
006190
005461
000457
009025
006514
002239
007243
002950
009502
005227
001663
002392
000934
009896
007009
003445
002716
004174
007720
006118
001825
003283
002554
000772
008611
005065
003607
009340
004336
006037
005308
001744
002473
009977
000691
008530
003526
004255
007801
001906
003364
006910
002635
004093
001582
000853
005146
009421
004417
001627
003085
006631
002356
005902
007360
000574
008413
003409
009142
004138
009698
008969
008251
003247
002518
007522
001465
002194
005740
000736
005029
009304
008888
001708
008170
003166
006712
002437
007441
001384
004930
000655
009223
004219
009779
000493
008332
003328
009061
004057
007603
001546
006550
002275
005821
000817
007997
004534
005263
003805
000259
000970
006316
007045
003481
002752
009700
006154
005425
001861
002590
007207
003643
000097
002914
004372
001069
004615
006073
005344
001780
007126
003562
002833
004291
006235
005506
001942
002671
008017
005182
003724
000178
004453
008789
001609
008071
003067
006613
002338
007342
001285
004831
005560
000556
009124
003940
000394
008233
003229
007504
001447
006451
002176
005722
007180
000718
000000
007898
009599
008152
003148
002419
007423
001366
004912
006370
002095
005641
000637
009205
004750
000475
008314
009043
004039
001528
006532
002257
005803
007261
007979
004516
009520
005245
001681
000952
007027
003463
002734
004192
006136
005407
001843
002572
000790
005083
003625
000079
004354
007900
009601
006055
005326
001762
002491
009995
007108
003544
002815
004273
006217
001924
003382
002653
000871
008710
005164
003706
004435
005209
001645
002374
005920
000916
009878
000592
008431
003427
009160
004156
007702
008987
001807
003265
006811
002536
007540
001483
000754
005047
009322
004318
006019
001726
003184
006730
002455
009959
000673
008512
003508
009241
004237
009797
008350
003346
002617
004075
007621
001564
002293
000835
005128
009403
004552
005281
003823
000277
008116
005999
006334
002059
005605
007063
002770
001168
004714
006172
005443
000439
009007
007225
003661
002932
004390
001087
004633
006091
005362
003904
000358
006415
007144
003580
002851
001249
006253
005524
001960
008035
007306
003742
000196
004471
008062
003058
006604
002329
007333
001276
004822
006280
005551
000547
006998
009115
004660
003931
000385
008224
001438
006442
002167
005713
007171
000709
007889
003850
008143
003139
007414
001357
004903
006361
002086
005632
007090
000628
001195
004741
005470
000466
008305
009034
001519
006523
002248
007252
008699
004507
009511
005236
001672
000943
007018
003454
002725
004183
006127
001834
003292
002563
000781
008620
005074
003616
004345
006046
005317
001753
002482
009986
003535
002806
004264
007810
006208
001915
003373
002644
001591
000862
008701
005155
009430
004426
001636
003094
006640
002365
005911
000907
009869
000583
008422
003418
009151
004147
008978
008260
003256
006802
002527
007531
001474
000745
005038
009313
004309
008897
001717
003175
006721
002446
007450
001393
000664
008503
009232
004228
009788
008341
003337
002608
009070
004066
007612
001555
002284
005830
000826
005119
004543
005272
003814
000268
008107
006325
007054
003490
002761
001159
004705
006163
005434
001870
007216
003652
002923
004381
001078
004624
006082
005353
000349
006406
007135
003571
002842
006244
005515
001951
002680
008026
005191
003733
000187
004462
008798
001618
008080
003076
006622
002347
007351
001294
004840
000565
008404
009133
004129
009689
008242
003238
002509
007513
001456
006460
002185
005731
000727
008879
008161
003157
006703
002428
007432
001375
004921
005650
000646
009214
000484
008323
003319
009052
004048
001537
006541
002266
005812
007270
000808
007988
004525
008800
005254
001690
000961
006307
007036
003472
002743
006145
005416
001852
002581
005092
003634
000088
002905
004363
004606
009610
006064
005335
001771
007117
003553
002824
004282
006226
001933
003391
002662
008008
000880
005173
003715
000169
004444
005218
001654
002383
000925
009887
008440
003436
002707
004165
007711
006109
008996
001816
003274
006820
002545
001492
000763
008602
005056
009331
004327
006028
001735
003193
002464
009968
000682
008521
003517
009250
004246
003355
006901
002626
004084
007630
001573
000844
005137
009412
004408
004561
005290
003832
000286
008125
001339
006343
002068
005614
007072
001177
004723
006181
005452
000448
006899
009016
006505
007234
003670
002941
001096
004642
005371
003913
000367
008206
006424
002149
007153
002860
001258
004804
006262
005533
000529
008044
007315
003751
004480
004497
008772
003768
003050
002321
009825
006279
001986
006990
004103
004659
009663
008934
005388
003212
001430
000701
002877
007881
004578
009582
008853
003849
003131
002402
009906
007089
000620
002796
009744
006198
005469
004022
001511
002240
008691
003687
002958
007962
000224
006675
005946
004893
002006
007010
008457
009186
007728
001115
008295
006837
007566
005784
008619
000062
009348
001034
000305
006756
007485
004974
000699
008538
009267
007809
006200
008376
006918
007647
006594
005865
000143
009429
008097
006639
007368
004857
009861
005586
003410
004695
008970
003966
008259
006477
005748
005030
000026
004301
006002
003885
008178
007449
004938
009942
006396
005667
004220
004776
009780
002600
009069
006558
005829
007287
005111
000107
002994
009546
008817
000260
005982
000978
001313
002042
008493
003489
007764
001151
009708
000422
001869
006873
002598
002204
008655
009384
007926
001070
009627
000341
001788
006792
002123
008574
004299
007845
001232
000503
006954
002679
007683
003014
000897
008736
009465
008790
003786
001610
008079
004839
009843
006297
005568
004121
004677
009681
008952
003948
003230
002501
006459
007188
005012
000008
002895
004596
008871
003867
002420
009924
006378
005649
004202
004758
009762
005487
003311
004040
007269
000800
002976
007980
009528
000242
001689
006693
005964
002024
008475
007746
001133
000404
006855
007584
000798
008637
000080
009366
007908
001052
009609
000323
006774
002499
004992
002105
008556
009285
007827
001214
008394
006936
007665
008000
005883
000879
008718
000161
009447
005210
000206
006657
005928
007386
004875
008439
009168
006101
003984
008277
006819
007548
006495
005766
000044
001016
006020
008196
006738
007467
004956
009960
005685
009249
004794
008358
009087
007629
006576
005847
000125
004400
009564
008835
005289
003113
000996
001331
002060
000602
002778
007782
009726
000440
001887
006891
004004
002222
008673
003669
004398
007944
009645
006099
008916
001412
002141
008592
003588
002859
007863
001250
009807
000521
001968
006972
002697
003032
002303
008754
009483
004479
008781
003777
001601
002330
009834
006288
005559
001995
004112
004668
009672
008943
005397
003939
003221
007179
000710
005003
002886
007890
004587
009591
008862
003858
003140
002411
009915
006369
007098
004749
009753
005478
003302
004031
001520
003696
002967
007971
009519
000233
006684
005955
002015
008466
009195
007737
001124
006846
007575
005793
000789
008628
000071
009357
001043
000314
006765
007494
004983
007100
008547
009276
007818
001205
008385
006927
007656
001599
005874
008709
000152
009438
005201
006648
005919
007377
004866
009870
005595
009159
003975
008268
007539
006486
005757
000035
004310
001007
006011
003894
008187
006729
007458
004947
009951
005676
003500
004785
008349
009078
006567
005838
007296
005120
000116
009555
008826
003104
005991
000987
001322
002051
003498
002769
007773
001160
009717
000431
001878
006882
002213
008664
009393
004389
007935
009636
008907
000350
001797
001403
002132
008583
003579
007854
001241
000512
001959
006963
002688
007692
003023
008745
005199
009474
003795
008088
007359
004848
009852
005577
003401
004130
004686
009690
008961
003957
002510
006468
005739
007197
005021
000017
008880
003876
001700
008169
004929
009933
006387
005658
004211
004767
009771
005496
003320
006549
007278
005102
002985
009537
008808
000251
001698
005973
000969
001304
002033
008484
007755
001142
000413
006864
002589
007593
008646
009375
007917
001061
009618
000332
001779
006783
002114
008565
009294
007836
001223
003399
006945
007674
003005
005892
000888
008727
000170
009456
000215
006666
005937
007395
004884
007001
008448
009177
007719
001106
006110
003993
008286
006828
007557
005775
000053
009339
001025
005300
006747
007476
004965
005694
008529
009258
008367
006909
009096
007638
006585
005856
000134
004569
009573
008844
005298
003122
001340
000611
002787
007791
009735
006189
001896
004013
001502
002231
008682
003678
002949
007953
009654
008925
005379
003203
001421
002150
003597
002868
007872
009816
000530
001977
006981
003041
002312
008763
003759
009492
004488
004493
003764
008057
007328
004817
009821
006275
005546
001982
004655
008930
005384
003926
008219
006437
005708
007166
002873
004574
003845
000299
008138
007409
009902
006356
005627
007085
002792
004736
009740
006194
005465
009029
006518
007247
003683
002954
009506
000220
001667
006671
002396
005942
000938
002002
008453
003449
009182
004178
007724
001111
001829
008291
003287
006833
002558
007562
005780
000776
008615
005069
009344
001030
000301
001748
006752
002477
007481
004970
000695
008534
009263
004259
007805
008372
003368
006914
002639
004097
007643
001586
006590
005861
000857
009425
008093
003089
006635
005906
007364
004853
005582
000578
008417
009146
004691
003962
008255
007526
001469
006473
002198
005744
000022
009308
003881
008174
006716
007445
001388
004934
006392
005663
000659
009227
004772
000497
008336
009065
007607
006554
002279
005825
007283
000103
002990
004538
009542
008813
005267
003809
000974
007049
003485
002756
007760
009704
006158
005429
001865
002594
002200
008651
003647
002918
009380
004376
007922
004619
009623
006077
005348
001784
008570
003566
002837
004295
007841
006239
001946
006950
002675
003010
000893
008732
005186
003728
009461
004457
003782
008075
006617
007346
001289
004835
006293
005564
009128
004673
003944
000398
008237
007508
006455
005726
007184
000004
002891
004592
003863
008156
007427
004916
009920
006374
002099
005645
009209
004754
005483
000479
008318
009047
006536
005807
007265
002972
009524
005249
001685
005960
000956
002020
008471
003467
002738
004196
007742
000400
001847
006851
002576
007580
000794
008633
005087
003629
009362
004358
007904
009605
006059
001766
006770
002495
009999
002101
008552
003548
002819
009281
004277
007823
001210
001928
008390
003386
006932
002657
007661
000875
008714
005168
009443
004439
000202
001649
006653
002378
005924
007382
004871
000596
008435
009164
007706
003980
008273
003269
006815
007544
001487
006491
005762
000758
000040
009326
001012
008192
003188
006734
002459
007463
004952
005681
000677
008516
009245
004790
008354
009083
004079
007625
001568
006572
002297
005843
000839
000121
009407
004556
009560
008831
005285
003827
000992
006338
005609
007067
002774
004718
009722
006176
005447
001883
004000
007229
003665
002936
004394
007940
004637
009641
006095
008912
005366
003908
006419
007148
003584
002855
009803
006257
005528
001964
002693
008039
008750
003746
004475
003773
008066
006608
007337
004826
009830
006284
005555
001991
009119
004664
005393
003935
000389
008228
006446
005717
007175
002882
004583
003854
008147
007418
004907
009911
006365
005636
007094
001199
004745
005474
008309
009038
006527
007256
003692
002963
009515
001676
006680
005951
000947
002011
008462
003458
002729
009191
004187
007733
001120
001838
003296
006842
002567
007571
000785
008624
005078
009353
004349
000310
001757
006761
002486
007490
008543
003539
009272
004268
007814
001201
001919
008381
003377
006923
002648
007652
001595
005870
000866
008705
005159
009434
003098
006644
002369
005915
007373
004862
005591
000587
008426
009155
003971
008264
006806
007535
001478
006482
005753
000749
000031
009317
001003
003890
008183
003179
006725
007454
001397
004943
005672
000668
008507
009236
004781
008345
009074
007616
001559
006563
002288
005834
007292
000112
004547
009551
008822
005276
003818
003100
000983
006329
007058
003494
002765
004709
009713
006167
005438
001874
008660
003656
002927
004385
007931
004628
009632
006086
008903
005357
001793
007139
003575
002846
007850
006248
005519
001955
002684
008741
005195
003737
009470
004466
003791
008084
006626
007355
001298
004844
005573
000569
008408
009137
004682
003953
008246
007517
006464
002189
005735
007193
000013
003872
008165
006707
007436
001379
004925
006383
005654
009218
004763
005492
000488
008327
009056
006545
005816
007274
002981
004529
009533
008804
005258
001694
000965
001300
008480
003476
002747
007751
006149
001856
006860
002585
008642
005096
003638
002909
009371
004367
007913
009614
006068
005339
001775
002110
008561
003557
002828
009290
004286
007832
001937
003395
006941
002666
007670
003001
000884
008723
005177
003719
009452
004448
000211
001658
006662
002387
005933
007391
000929
004880
008444
009173
004169
007715
001102
008282
003278
006824
002549
007553
001496
005771
000767
008606
009335
001021
001739
003197
006743
002468
007472
004961
005690
000686
008525
009254
008363
003359
006905
009092
004088
007634
001577
006581
005852
000848
000130
009416
004565
008840
005294
003836
008129
006347
005618
007076
002783
004727
009731
006185
005456
001892
006509
007238
003674
002945
004646
009650
008921
005375
003917
006428
007157
003593
002864
004808
009812
006266
005537
001973
008048
007319
003755
004484
008776
003054
006600
002325
001272
009829
000543
006994
009111
004107
009667
008938
000381
008220
003216
001434
002163
000705
007885
009586
008857
003135
002406
007410
001353
002082
000624
001191
009748
000462
008301
009030
004026
001515
002244
008695
007966
004503
005232
000228
006679
004897
007014
003450
002721
001119
006123
001830
008299
005788
005070
003612
000066
004341
001038
006042
005313
000309
007489
004978
009982
003531
002802
004260
006204
001911
002640
006598
005869
005151
000147
004422
001632
003090
002361
000903
009865
003414
004143
004699
008974
003252
002523
001470
000741
005034
004305
006006
008893
003889
001713
003171
002442
009946
000660
004224
009784
003333
002604
004062
001551
002280
000822
005115
002998
003810
000264
008103
005986
001317
006321
002046
007050
008497
007768
001155
004701
005430
000426
006877
002208
007212
008659
009388
001074
004620
000345
006796
006402
002127
007131
008578
007849
001236
006240
005511
000507
006958
007687
008022
003018
000183
009469
008794
001614
003072
002343
001290
009847
000561
008400
004125
009685
008956
003234
002505
001452
002181
000723
005016
002899
008875
003153
002424
001371
009928
000642
009210
004206
009766
000480
003315
004044
001533
002262
000804
007984
004521
005250
000246
006697
005968
006303
002028
007032
008479
001137
006141
005412
000408
006859
007588
003630
000084
002901
001056
004602
006060
005331
000327
006778
004996
002109
007113
002820
009289
001218
006222
008398
007669
008004
005887
003711
000165
004440
005214
001650
000921
004879
009883
003432
002703
004161
006105
008992
003988
001812
003270
002541
006499
005052
000048
004323
006024
001731
002460
009964
005689
003513
004242
004798
003351
002622
004080
000840
005133
000129
004404
009568
008839
000282
008121
003117
001335
002064
005610
000606
007786
001173
000444
006895
009012
004008
006501
002226
007230
008677
007948
001092
009649
000363
008202
001416
006420
002145
008596
007867
001254
004800
000525
006976
008040
003036
002307
007311
008758
009487
008785
001605
003063
002334
001281
009838
000552
001999
009120
004116
009676
008947
000390
003225
007500
001443
002172
000714
005007
007894
009595
008866
003144
002415
001362
009919
002091
000633
009201
009757
000471
008310
003306
004035
001524
002253
007975
004512
005241
000237
006688
005959
002019
007023
002730
009199
001128
006132
005403
007579
005797
003621
000075
004350
001047
006051
005322
000318
006769
007498
004987
009991
007104
003540
002811
001209
006213
001920
008389
005878
005160
003702
000156
004431
005205
001641
002370
000912
009874
005599
003423
004152
008983
003979
001803
003261
002532
000750
005043
000039
004314
006015
003898
001722
003180
002451
009955
003504
004233
004789
009793
003342
002613
004071
001560
000831
005124
009559
000273
008112
003108
005995
001326
006330
002055
005601
007777
001164
004710
000435
006886
009003
002217
007221
008668
009397
007939
001083
003900
000354
001407
006411
002136
007140
008587
007858
001245
005520
000516
006967
007696
008031
003027
007302
008749
000192
009478
003799
001623
003081
002352
009856
000570
003405
004134
009694
008965
003243
002514
001461
002190
000732
005025
009300
008884
001704
003162
002433
001380
009937
000651
004215
009775
003324
004053
001542
002271
000813
005106
002989
007993
004530
003801
000255
005977
001308
006312
002037
007041
008488
007759
001146
006150
005421
000417
006868
007597
007203
000093
002910
009379
001065
004611
005340
000336
006787
002118
007122
008569
009298
001227
006231
005502
006949
007678
008013
003009
005896
003720
000174
005223
000219
007399
000930
004888
009892
007005
003441
002712
004170
006114
003997
001821
002550
005779
005061
003603
000057
004332
001029
006033
005304
001740
004969
009973
005698
003522
004251
001902
003360
002631
006589
005142
000138
004413
009577
008848
000291
008130
003126
007401
001344
002073
000615
007795
001182
009739
000453
009021
004017
001506
006510
002235
008686
007957
009658
008929
000372
008211
003207
001425
002154
005700
007876
001263
000534
006985
009102
003045
002316
007320
008767
009496
004491
003762
008055
007326
001269
004815
006273
005544
001980
009108
004653
005382
003924
000378
008217
006435
005706
007164
002871
004572
003843
000297
008136
007407
009900
006354
002079
005625
007083
002790
001188
004734
006192
005463
000459
009027
006516
007245
003681
002952
009504
005229
001665
002394
005940
000936
009898
002000
008451
003447
002718
009180
004176
007722
001827
003285
006831
002556
007560
000774
008613
005067
003609
009342
004338
006039
001746
006750
002475
009979
000693
008532
003528
009261
004257
007803
001908
008370
003366
006912
002637
004095
007641
001584
000855
005148
009423
004419
001629
008091
003087
006633
002358
005904
007362
004851
005580
000576
008415
009144
003960
008253
003249
007524
001467
006471
002196
005742
000738
000020
009306
008172
003168
006714
002439
007443
001386
004932
006390
005661
000657
009225
004770
000495
008334
009063
004059
007605
001548
006552
002277
005823
007281
000819
000101
007999
004536
009540
008811
005265
003807
000972
006318
007047
003483
002754
009702
006156
005427
001863
002592
007209
003645
000099
002916
004374
007920
004617
009621
006075
005346
001782
007128
003564
002835
004293
006237
005508
001944
002673
008019
000891
008730
005184
003726
004455
003780
008073
003069
006615
007344
001287
004833
006291
005562
000558
009126
004671
003942
000396
008235
007506
001449
006453
002178
005724
007182
000002
004590
003861
008154
007425
001368
004914
006372
002097
005643
000639
009207
004752
005481
000477
008316
009045
006534
002259
005805
007263
002970
004518
009522
005247
001683
000954
007029
003465
002736
004194
007740
006138
005409
001845
002574
000792
008631
005085
003627
009360
004356
007902
009603
006057
005328
001764
002493
009997
008550
003546
002817
004275
007821
006219
001926
003384
006930
002655
000873
008712
005166
003708
009441
004437
000200
001647
006651
002376
005922
007380
000918
000594
008433
003429
009162
004158
007704
008989
001809
008271
003267
006813
002538
007542
001485
005760
000756
005049
009324
001010
001728
008190
003186
006732
002457
007461
004950
000675
008514
009243
004239
009799
008352
003348
002619
009081
004077
007623
001566
006570
002295
005841
000837
009405
004554
005283
003825
000279
008118
000990
006336
005607
007065
002772
004716
009720
006174
005445
001881
009009
007227
003663
002934
004392
001089
004635
006093
008910
005364
003906
006417
007146
003582
002853
009801
006255
005526
001962
002691
008037
007308
003744
000198
004473
003771
008064
006606
007335
001278
004824
006282
005553
000549
009117
004662
005391
003933
000387
008226
006444
002169
005715
007173
002880
004581
003852
008145
007416
001359
004905
006363
002088
005634
007092
001197
004743
005472
000468
008307
009036
006525
007254
003690
002961
004509
009513
005238
001674
000945
008460
003456
002727
004185
007731
006129
001836
003294
006840
002565
000783
008622
005076
003618
009351
004347
006048
005319
001755
002484
009988
008541
003537
002808
009270
004266
007812
001917
003375
006921
002646
007650
001593
000864
008703
005157
009432
004428
001638
003096
006642
002367
005913
007371
000909
004860
000585
008424
009153
004149
008262
003258
006804
002529
007533
001476
006480
005751
000747
009315
001001
008899
001719
008181
003177
006723
002448
007452
001395
004941
005670
000666
008505
009234
008343
003339
009072
004068
007614
001557
006561
002286
005832
007290
000828
000110
004545
008820
005274
003816
008109
000981
006327
007056
003492
002763
004707
009711
006165
005436
001872
007218
003654
002925
004383
004626
009630
006084
008901
005355
001791
006408
007137
003573
002844
006246
005517
001953
002682
008028
005193
003735
000189
004464
008082
003078
006624
002349
007353
001296
004842
005571
000567
008406
009135
004680
003951
008244
007515
001458
006462
002187
005733
007191
000729
000011
003870
008163
003159
006705
007434
001377
004923
006381
005652
000648
009216
004761
005490
000486
008325
009054
001539
006543
002268
005814
007272
004527
009531
008802
005256
001692
000963
006309
007038
003474
002745
006147
005418
001854
002583
008640
005094
003636
002907
004365
007911
004608
009612
006066
005337
001773
007119
003555
002826
004284
007830
006228
001935
003393
002664
000882
008721
005175
003717
009450
004446
001656
006660
002385
005931
000927
009889
008442
003438
002709
009171
004167
007713
001100
008998
001818
008280
003276
006822
002547
007551
001494
000765
008604
005058
009333
004329
001737
003195
006741
002466
007470
000684
008523
003519
009252
004248
008361
003357
006903
002628
009090
004086
007632
001575
005850
000846
005139
009414
004563
005292
003834
000288
008127
006345
005616
007074
002781
001179
004725
006183
005454
001890
009018
006507
007236
003672
002943
001098
004644
005373
003915
000369
008208
006426
007155
003591
002862
004806
009810
006264
005535
001971
008046
007317
003753
004482
004499
008774
003052
002323
001270
009827
000541
001988
006992
004105
009665
008936
003214
001432
002161
000703
002879
007883
009584
008855
003133
002404
001351
009908
002080
000622
002798
009746
000460
004024
001513
002242
008693
003689
007964
004501
005230
000226
006677
005948
004895
002008
007012
008459
009188
001117
006121
008297
006839
007568
005786
003610
000064
001036
006040
005311
000307
006758
007487
004976
009980
002800
009269
006202
008378
007649
006596
005867
000145
004420
001630
008099
000901
004859
009863
005588
003412
004141
004697
008972
003968
003250
002521
006479
005032
000028
004303
006004
008891
003887
001711
002440
009944
006398
005669
004222
004778
009782
003331
002602
004060
007289
000820
005113
000109
002996
009548
008819
000262
008101
005984
001315
002044
008495
007766
001153
000424
006875
002206
007210
008657
009386
007928
001072
009629
000343
006794
006400
002125
008576
007847
001234
000505
006956
007685
008020
003016
000899
008738
000181
009467
008792
003788
001612
003070
002341
009845
006299
004123
004679
009683
008954
003232
002503
001450
000721
005014
002897
004598
008873
003869
003151
002422
009926
000640
004204
009764
005489
003313
004042
001531
002260
000802
002978
007982
000244
006695
005966
006301
002026
007030
008477
007748
001135
005410
000406
006857
007586
008639
000082
009368
001054
004600
000325
006776
004994
002107
007111
008558
009287
007829
001216
006220
008396
006938
007667
008002
005885
000163
009449
005212
000208
006659
007388
004877
009881
003430
002701
006103
008990
003986
001810
008279
006497
005768
005050
000046
004321
001018
006022
008198
007469
004958
009962
005687
003511
004240
004796
002620
009089
006578
005849
005131
000127
004402
009566
008837
000280
003115
000998
001333
002062
000604
007784
001171
009728
000442
001889
006893
009010
004006
002224
008675
007946
001090
009647
008918
000361
008200
001414
002143
008594
007865
001252
009809
000523
006974
002699
003034
002305
008756
009485
008783
003779
001603
003061
002332
009836
000550
001997
004114
009674
008945
005399
003223
001441
002170
000712
005005
002888
007892
004589
009593
008864
003142
002413
001360
009917
000631
009755
003304
004033
001522
002251
003698
002969
007973
004510
000235
006686
005957
002017
007021
008468
009197
007739
001126
006130
005401
006848
007577
005795
000073
009359
001045
005320
000316
006767
007496
004985
007102
008549
009278
001207
006211
008387
006929
007658
005876
003700
000154
005203
007379
000910
004868
009872
005597
003421
004150
008981
003977
001801
002530
006488
005759
005041
000037
004312
001009
006013
003896
001720
008189
004949
009953
005678
003502
004231
004787
009791
003340
002611
006569
007298
005122
000118
009557
008828
000271
008110
003106
005993
000989
001324
002053
007775
001162
009719
000433
006884
009001
002215
008666
009395
007937
001081
009638
008909
000352
001799
001405
002134
008585
007856
001243
000514
006965
007694
003025
007300
008747
000190
009476
003797
001621
002350
009854
005579
003403
004132
004688
009692
008963
003959
003241
002512
007199
000730
005023
000019
008882
003878
001702
003160
002431
009935
006389
004213
004769
009773
005498
003322
004051
001540
000811
005104
002987
007991
009539
000253
005975
001306
006310
002035
008486
007757
001144
000415
006866
007595
007201
008648
000091
009377
007919
001063
000334
006785
002116
007120
008567
009296
007838
001225
005500
006947
007676
008011
003007
005894
008729
000172
009458
005221
000217
006668
005939
007397
004886
009890
007003
002710
009179
001108
006112
003995
008288
007559
005777
003601
000055
004330
001027
006031
005302
006749
007478
004967
009971
005696
003520
001900
008369
009098
006587
005858
005140
000136
004411
009575
008846
003124
001342
002071
000613
002789
007793
001180
009737
000451
001898
004015
001504
002233
008684
007955
009656
008927
000370
003205
001423
002152
003599
007874
001261
009818
000532
001979
006983
009100
003043
002314
008765
009494
004495
008770
003766
008059
004819
009823
006277
005548
001984
004101
004657
009661
008932
005386
003928
003210
006439
007168
002875
004576
009580
008851
003847
002400
009904
006358
005629
007087
002794
004738
009742
006196
005467
004020
007249
003685
002956
007960
009508
000222
001669
006673
002398
005944
004891
002004
008455
009184
007726
001113
008293
003289
006835
007564
005782
000778
008617
000060
009346
001032
000303
006754
002479
007483
004972
000697
008536
009265
007807
008374
006916
004099
007645
001588
006592
005863
000859
000141
009427
008095
006637
005908
007366
004855
005584
008419
009148
004693
003964
008257
007528
006475
005746
000024
006000
003883
008176
006718
007447
004936
009940
006394
005665
009229
004774
000499
008338
009067
007609
006556
005827
007285
000105
002992
009544
008815
005269
005980
000976
001311
002040
008491
003487
002758
007762
009706
000420
001867
006871
002596
002202
008653
003649
009382
004378
007924
009625
006079
001786
006790
002121
008572
003568
002839
004297
007843
001230
000501
001948
006952
002677
007681
003012
000895
008734
005188
009463
004459
003784
008077
006619
007348
004837
009841
006295
005566
004675
008950
003946
008239
006457
005728
007186
005010
000006
002893
004594
003865
008158
007429
004918
009922
006376
005647
004200
004756
009760
005485
009049
006538
005809
007267
002974
009526
000240
001687
006691
005962
000958
002022
008473
003469
004198
007744
001131
000402
001849
006853
002578
007582
000796
008635
005089
009364
007906
001050
009607
000321
001768
006772
002497
004990
002103
008554
009283
004279
007825
001212
008392
003388
006934
002659
007663
005881
000877
008716
009445
000204
006655
005926
007384
004873
000598
008437
009166
007708
003982
008275
006817
007546
001489
006493
005764
000042
009328
001014
008194
006736
007465
004954
005683
000679
008518
009247
004792
008356
009085
007627
006574
002299
005845
000123
009409
004558
009562
008833
005287
003829
003111
000994
007069
000600
002776
007780
009724
006178
005449
001885
004002
002220
008671
003667
002938
004396
007942
004639
009643
006097
008914
005368
001410
008590
003586
002857
007861
009805
006259
001966
006970
002695
003030
002301
008752
003748
009481
004477
003775
008068
007339
004828
009832
006286
005557
001993
004110
004666
009670
008941
005395
003937
006448
005719
007177
005001
002884
004585
008860
003856
008149
004909
009913
006367
005638
007096
004747
009751
005476
003300
006529
007258
003694
002965
009517
000231
001678
006682
005953
000949
002013
008464
009193
004189
007735
001122
003298
006844
002569
007573
005791
000787
008626
009355
001041
000312
001759
006763
002488
007492
004981
008545
009274
007816
001203
008383
003379
006925
007654
001597
005872
000868
008707
000150
009436
006646
005917
007375
004864
005593
000589
008428
009157
003973
008266
006808
007537
006484
005755
000033
009319
001005
003892
008185
006727
007456
001399
004945
005674
008509
009238
004783
008347
009076
007618
006565
005836
007294
000114
004549
009553
008824
005278
003102
000985
001320
003496
002767
007771
009715
006169
001876
006880
002211
008662
003658
002929
009391
004387
007933
009634
006088
008905
005359
001795
001401
002130
008581
003577
002848
007852
000510
001957
006961
002686
007690
003021
008743
005197
003739
009472
004468
003793
008086
006628
007357
004846
009850
005575
009139
004684
003955
008248
007519
006466
005737
007195
000015
003874
008167
006709
007438
004927
009931
006385
005656
004765
005494
008329
009058
006547
005818
007276
005100
002983
009535
008806
001696
005971
000967
001302
002031
008482
003478
002749
007753
001140
000411
001858
006862
002587
007591
008644
005098
009373
004369
007915
009616
000330
001777
006781
002112
008563
003559
009292
004288
007834
001221
001939
003397
006943
002668
007672
003003
005890
000886
008725
005179
009454
000213
006664
002389
005935
007393
004882
008446
009175
007717
001104
003991
008284
006826
007555
001498
005773
000769
008608
000051
009337
001023
003199
006745
007474
004963
005692
000688
008527
009256
008365
006907
009094
007636
001579
006583
005854
000132
009418
004567
009571
008842
005296
003838
003120
006349
007078
002785
004729
009733
006187
005458
001894
004011
001500
008680
003676
002947
007951
004648
009652
008923
005377
003919
003201
007159
003595
002866
007870
009814
006268
005539
001975
002310
008761
003757
009490
004486
008778
008060
003056
006602
002327
007331
001274
004820
000545
006996
009113
004109
009669
000383
008222
003218
001436
006440
002165
005711
000707
007887
009588
008859
008141
003137
002408
007412
001355
004901
002084
005630
000626
001193
000464
008303
009032
004028
001517
006521
002246
007250
008697
007968
004505
005234
001670
000941
004899
007016
003452
002723
004181
006125
001832
003290
002561
005072
003614
000068
004343
006044
005315
001751
002480
009984
003533
002804
004262
006206
001913
003371
002642
000860
005153
000149
004424
001634
003092
002363
000905
009867
000581
008420
003416
004145
008976
003254
006800
002525
001472
000743
005036
009311
004307
006008
008895
001715
003173
002444
001391
009948
000662
008501
009230
004226
009786
003335
002606
004064
007610
001553
002282
000824
005117
004541
005270
003812
000266
008105
005988
001319
006323
002048
007052
008499
001157
004703
006161
005432
000428
006879
007214
003650
002921
001076
004622
006080
005351
000347
006798
006404
002129
007133
002840
001238
006242
005513
000509
007689
008024
003731
000185
004460
008796
001616
003074
006620
002345
001292
009849
000563
008402
009131
004127
009687
008958
008240
003236
002507
007511
001454
002183
000725
005018
008877
003155
006701
002426
007430
001373
000644
009212
004208
009768
000482
008321
003317
009050
004046
001535
002264
005810
000806
007986
004523
005252
000248
006699
006305
007034
003470
002741
001139
006143
005414
001850
005090
003632
000086
002903
004361
001058
004604
006062
005333
000329
004998
007115
003551
002822
004280
006224
001931
002660
008006
005889
005171
003713
000167
004442
005216
001652
002381
000923
009885
003434
002705
004163
006107
008994
001814
003272
002543
001490
000761
008600
005054
004325
006026
001733
003191
002462
009966
000680
003515
004244
003353
002624
004082
001571
000842
005135
009410
004406
003830
000284
008123
003119
001337
006341
002066
005612
007070
000608
007788
001175
004721
005450
000446
006897
009014
006503
002228
007232
008679
001094
004640
003911
000365
008204
001418
006422
002147
007151
008598
007869
001256
004802
006260
005531
000527
006978
008042
003038
002309
007313
009489
008787
001607
003065
006611
002336
007340
001283
000554
009122
004118
009678
008949
000392
008231
003227
007502
001445
002174
005720
000716
005009
007896
009597
008868
008150
003146
002417
007421
001364
004910
002093
000635
009203
009759
000473
008312
003308
009041
004037
001526
006530
002255
005801
007977
004514
005243
000239
000950
007025
003461
002732
004190
006134
005405
001841
002570
005799
005081
003623
000077
004352
001049
006053
005324
001760
004989
009993
007106
003542
002813
004271
006215
001922
003380
002651
005162
003704
000158
004433
005207
001643
002372
000914
009876
000590
003425
004154
007700
008985
001805
003263
002534
001481
000752
005045
009320
004316
006017
001724
003182
002453
009957
000671
008510
003506
004235
009795
003344
002615
004073
001562
002291
000833
005126
009401
004550
003821
000275
008114
005997
001328
006332
002057
005603
007061
007779
001166
004712
006170
005441
000437
006888
009005
002219
007223
002930
009399
001085
004631
005360
003902
000356
001409
006413
002138
007142
008589
001247
006251
005522
000518
006969
007698
008033
003029
007304
003740
000194
001625
003083
002354
005900
009858
000572
008411
003407
009140
004136
009696
008967
003245
002516
007520
001463
002192
000734
005027
009302
008886
001706
003164
006710
002435
001382
009939
000653
009221
004217
009777
000491
008330
003326
004055
007601
001544
002273
000815
005108
007995
004532
005261
003803
000257
005979
006314
002039
007043
002750
001148
006152
005423
000419
007599
007205
003641
000095
002912
004370
001067
004613
006071
005342
000338
006789
007124
003560
002831
001229
006233
005504
001940
008015
005898
005180
003722
000176
004451
009500
005225
001661
002390
000932
009894
007007
003443
002714
004172
006116
003999
001823
003281
002552
000770
005063
003605
000059
004334
006035
005306
001742
002471
009975
003524
004253
001904
003362
002633
004091
001580
000851
005144
004415
009579
000293
008132
003128
007403
001346
006350
002075
005621
000617
007797
001184
004730
000455
009023
004019
001508
006512
002237
007241
008688
007959
003920
000374
008213
003209
001427
006431
002156
005702
007160
007878
001265
004811
005540
000536
006987
009104
008051
003047
002318
007322
008769
009498
004490
003761
008054
007325
001268
004814
006272
005543
000539
009107
004652
005381
003923
000377
008216
006434
002159
005705
007163
002870
004571
003842
000296
008135
007406
001349
006353
002078
005624
007082
001187
004733
006191
005462
000458
009026
006515
007244
003680
002951
009503
005228
001664
002393
000935
009897
008450
003446
002717
004175
007721
006119
001826
003284
006830
002555
000773
008612
005066
003608
009341
004337
006038
005309
001745
002474
009978
000692
008531
003527
009260
004256
007802
001907
003365
006911
002636
004094
007640
001583
000854
005147
009422
004418
001628
008090
003086
006632
002357
005903
007361
004850
000575
008414
009143
004139
009699
008252
003248
002519
007523
001466
006470
002195
005741
000737
009305
008889
001709
008171
003167
006713
002438
007442
001385
004931
005660
000656
009224
000494
008333
003329
009062
004058
007604
001547
006551
002276
005822
007280
000818
000100
007998
004535
008810
005264
003806
000971
006317
007046
003482
002753
009701
006155
005426
001862
002591
007208
003644
000098
002915
004373
004616
009620
006074
005345
001781
007127
003563
002834
004292
006236
005507
001943
002672
008018
000890
005183
003725
000179
004454
008072
003068
006614
002339
007343
001286
004832
006290
005561
000557
009125
004670
003941
000395
008234
007505
001448
006452
002177
005723
007181
000719
000001
007899
003860
008153
003149
007424
001367
004913
006371
002096
005642
000638
009206
004751
005480
000476
008315
009044
001529
006533
002258
005804
007262
004517
009521
005246
001682
000953
007028
003464
002735
004193
006137
005408
001844
002573
000791
008630
005084
003626
004355
007901
009602
006056
005327
001763
002492
009996
007109
003545
002816
004274
007820
006218
001925
003383
002654
000872
008711
005165
003707
009440
004436
001646
006650
002375
005921
000917
009879
000593
008432
003428
009161
004157
007703
008988
001808
008270
003266
006812
002537
007541
001484
000755
005048
009323
004319
001727
003185
006731
002456
007460
000674
008513
003509
009242
004238
009798
008351
003347
002618
009080
004076
007622
001565
002294
005840
000836
005129
009404
004553
005282
003824
000278
008117
006335
005606
007064
002771
001169
004715
006173
005444
001880
009008
007226
003662
002933
004391
001088
004634
006092
005363
003905
000359
006416
007145
003581
002852
009800
006254
005525
001961
002690
008036
007307
003743
000197
004472
003770
008063
003059
006605
007334
001277
004823
006281
005552
000548
006999
009116
004661
005390
003932
000386
008225
001439
006443
002168
005714
007172
004580
003851
008144
007415
001358
004904
006362
002087
005633
007091
000629
001196
004742
005471
000467
008306
009035
006524
002249
007253
002960
004508
009512
005237
001673
000944
007019
003455
002726
004184
007730
006128
001835
003293
002564
000782
008621
005075
003617
009350
004346
006047
005318
001754
002483
009987
008540
003536
002807
004265
007811
006209
001916
003374
006920
002645
001592
000863
008702
005156
009431
004427
001637
003095
006641
002366
005912
007370
000908
000584
008423
003419
009152
004148
008979
008261
003257
006803
002528
007532
001475
005750
000746
005039
009314
001000
008898
001718
008180
003176
006722
002447
007451
001394
004940
000665
008504
009233
004229
009789
008342
003338
002609
009071
004067
007613
001556
006560
002285
005831
000827
004544
005273
003815
000269
008108
000980
006326
007055
003491
002762
004706
009710
006164
005435
001871
007217
003653
002924
004382
001079
004625
006083
008900
005354
001790
006407
007136
003572
002843
006245
005516
001952
002681
008027
005192
003734
000188
004463
008799
001619
008081
003077
006623
002348
007352
001295
004841
005570
000566
008405
009134
003950
008243
003239
007514
001457
006461
002186
005732
007190
000728
000010
008162
003158
006704
002429
007433
001376
004922
006380
005651
000647
009215
004760
000485
008324
009053
004049
001538
006542
002267
005813
007271
000809
007989
004526
009530
008801
005255
001691
000962
006308
007037
003473
002744
006146
005417
001853
002582
005093
003635
000089
002906
004364
007910
004607
009611
006065
005336
001772
007118
003554
002825
004283
006227
001934
003392
002663
008009
000881
008720
005174
003716
004445
005219
001655
002384
005930
000926
009888
008441
003437
002708
009170
004166
007712
008997
001817
003275
006821
002546
007550
001493
000764
008603
005057
009332
004328
006029
001736
003194
006740
002465
009969
000683
008522
003518
009251
004247
008360
003356
006902
002627
004085
007631
001574
000845
005138
009413
004409
004562
005291
003833
000287
008126
006344
002069
005615
007073
002780
001178
004724
006182
005453
000449
009017
006506
007235
003671
002942
001097
004643
005372
003914
000368
008207
006425
007154
003590
002861
001259
004805
006263
005534
001970
008045
007316
003752
004481
004498
008773
003769
003051
002322
009826
000540
001987
006991
004104
009664
008935
005389
003213
001431
002160
000702
002878
007882
004579
009583
008854
003132
002403
001350
009907
000621
002797
009745
006199
004023
001512
002241
008692
003688
002959
007963
004500
000225
006676
005947
004894
002007
007011
008458
009187
007729
001116
006120
008296
006838
007567
005785
000063
009349
001035
005310
000306
006757
007486
004975
008539
009268
006201
008377
006919
007648
006595
005866
000144
008098
007369
000900
004858
009862
005587
003411
004140
004696
008971
003967
002520
006478
005749
005031
000027
004302
006003
008890
003886
001710
008179
004939
009943
006397
005668
004221
004777
009781
003330
002601
006559
007288
005112
000108
002995
009547
008818
000261
008100
005983
000979
001314
002043
008494
007765
001152
009709
000423
006874
002599
002205
008656
009385
007927
001071
009628
000342
001789
006793
002124
008575
007846
001233
000504
006955
007684
003015
000898
008737
000180
009466
008791
003787
001611
002340
009844
006298
005569
004122
004678
009682
008953
003949
003231
002502
007189
000720
005013
000009
002896
004597
008872
003868
003150
002421
009925
006379
004203
004759
009763
005488
003312
004041
001530
000801
002977
007981
009529
000243
006694
005965
006300
002025
008476
007747
001134
000405
006856
007585
000799
008638
000081
009367
007909
001053
000324
006775
004993
002106
007110
008557
009286
007828
001215
008395
006937
007666
008001
005884
008719
000162
009448
005211
000207
006658
005929
007387
004876
009880
002700
009169
006102
003985
008278
007549
006496
005767
000045
004320
001017
006021
008197
006739
007468
004957
009961
005686
003510
004795
008359
009088
006577
005848
005130
000126
004401
009565
008836
003114
000997
001332
002061
000603
002779
007783
001170
009727
000441
001888
006892
004005
002223
008674
004399
007945
009646
008917
000360
001413
002142
008593
003589
007864
001251
009808
000522
001969
006973
002698
003033
002304
008755
009484
008782
003778
001602
003060
002331
009835
006289
001996
004113
004669
009673
008944
005398
003222
001440
000711
005004
002887
007891
004588
009592
008863
003859
003141
002412
009916
007099
000630
009754
005479
003303
004032
001521
002250
003697
002968
007972
000234
006685
005956
002016
007020
008467
009196
007738
001125
005400
006847
007576
005794
008629
000072
009358
001044
000315
006766
007495
004984
007101
008548
009277
007819
001206
006210
008386
006928
007657
005875
000153
009439
005202
006649
007378
004867
009871
005596
003420
008980
003976
001800
008269
006487
005758
005040
000036
004311
001008
006012
003895
008188
007459
004948
009952
005677
003501
004230
004786
009790
002610
009079
006568
005839
007297
005121
000117
009556
008827
000270
003105
005992
000988
001323
002052
003499
007774
001161
009718
000432
001879
006883
009000
002214
008665
009394
007936
001080
009637
008908
000351
001798
001404
002133
008584
007855
001242
000513
006964
002689
007693
003024
008746
009475
003796
001620
008089
004849
009853
005578
003402
004131
004687
009691
008962
003958
003240
002511
006469
007198
005022
000018
008881
003877
001701
002430
009934
006388
005659
004212
004768
009772
005497
003321
004050
007279
000810
005103
002986
007990
009538
008809
000252
001699
005974
001305
002034
008485
007756
001143
000414
006865
007594
007200
008647
000090
009376
007918
001062
009619
000333
006784
002115
008566
009295
007837
001224
006946
007675
008010
003006
005893
000889
008728
000171
009457
005220
000216
006667
005938
007396
004885
007002
008449
009178
001107
006111
003994
008287
006829
007558
005776
003600
000054
001026
006030
005301
006748
007477
004966
009970
005695
009259
008368
009097
007639
006586
005857
000135
004410
009574
008845
005299
003123
001341
002070
000612
002788
007792
009736
000450
001897
004014
001503
002232
008683
003679
007954
009655
008926
003204
001422
002151
003598
002869
007873
001260
009817
000531
001978
006982
003042
002313
008764
009493
004489
004494
003765
008058
007329
004818
009822
006276
005547
001983
004100
004656
009660
008931
005385
003927
006438
005709
007167
002874
004575
008850
003846
008139
009903
006357
005628
007086
002793
004737
009741
006195
005466
006519
007248
003684
002955
009507
000221
001668
006672
002397
005943
000939
004890
002003
008454
009183
004179
007725
001112
008292
003288
006834
002559
007563
005781
000777
008616
009345
001031
000302
001749
006753
002478
007482
004971
000696
008535
009264
007806
008373
003369
006915
004098
007644
001587
006591
005862
000858
000140
009426
008094
006636
005907
007365
004854
005583
000579
008418
009147
004692
003963
008256
007527
006474
002199
005745
000023
009309
003882
008175
006717
007446
001389
004935
006393
005664
009228
004773
000498
008337
009066
007608
006555
005826
007284
000104
002991
004539
009543
008814
005268
000975
001310
008490
003486
002757
007761
009705
006159
001866
006870
002595
002201
008652
003648
002919
009381
004377
007923
009624
006078
005349
001785
002120
008571
003567
002838
004296
007842
000500
001947
006951
002676
007680
003011
000894
008733
005187
003729
009462
004458
003783
008076
006618
007347
004836
009840
006294
005565
009129
004674
003945
000399
008238
007509
006456
005727
007185
000005
002892
004593
003864
008157
007428
004917
009921
006375
005646
004755
005484
008319
009048
006537
005808
007266
002973
009525
001686
006690
005961
000957
002021
008472
003468
002739
004197
007743
001130
000401
001848
006852
002577
007581
000795
008634
005088
009363
004359
007905
009606
000320
001767
006771
002496
002102
008553
003549
009282
004278
007824
001211
001929
008391
003387
006933
002658
007662
005880
000876
008715
005169
009444
000203
006654
002379
005925
007383
004872
000597
008436
009165
007707
003981
008274
006816
007545
001488
006492
005763
000759
000041
009327
001013
008193
003189
006735
007464
004953
005682
000678
008517
009246
004791
008355
009084
007626
001569
006573
002298
005844
000122
009408
004557
009561
008832
005286
003828
003110
000993
006339
007068
002775
004719
009723
006177
005448
001884
004001
008670
003666
002937
004395
007941
004638
009642
006096
008913
005367
003909
007149
003585
002856
007860
009804
006258
005529
001965
002694
002300
008751
003747
009480
004476
003774
008067
006609
007338
004827
009831
006285
005556
001992
004665
008940
005394
003936
008229
006447
005718
007176
005000
002883
004584
003855
008148
007419
004908
009912
006366
005637
007095
004746
009750
005475
009039
006528
007257
003693
002964
009516
000230
001677
006681
005952
000948
002012
008463
003459
009192
004188
007734
001121
001839
003297
006843
002568
007572
005790
000786
008625
005079
009354
001040
000311
001758
006762
002487
007491
004980
008544
009273
004269
007815
001202
008382
003378
006924
002649
007653
001596
005871
000867
008706
009435
003099
006645
005916
007374
004863
005592
000588
008427
009156
003972
008265
006807
007536
001479
006483
005754
000032
009318
001004
003891
008184
006726
007455
001398
004944
005673
000669
008508
009237
004782
008346
009075
007617
006564
002289
005835
007293
000113
004548
009552
008823
005277
003819
003101
000984
007059
003495
002766
007770
009714
006168
005439
001875
002210
008661
003657
002928
009390
004386
007932
004629
009633
006087
008904
005358
001794
001400
008580
003576
002847
007851
006249
001956
006960
002685
003020
008742
005196
003738
009471
004467
003792
008085
006627
007356
001299
004845
005574
008409
009138
004683
003954
008247
007518
006465
005736
007194
000014
003873
008166
006708
007437
004926
009930
006384
005655
009219
004764
005493
000489
008328
009057
006546
005817
007275
002982
009534
008805
005259
001695
005970
000966
001301
002030
008481
003477
002748
007752
000410
001857
006861
002586
007590
008643
005097
003639
009372
004368
007914
009615
006069
001776
006780
002111
008562
003558
002829
009291
004287
007833
001220
001938
003396
006942
002667
007671
003002
000885
008724
005178
009453
004449
000212
001659
006663
002388
005934
007392
004881
008445
009174
007716
001103
003990
008283
003279
006825
007554
001497
005772
000768
008607
000050
009336
001022
003198
006744
002469
007473
004962
005691
000687
008526
009255
008364
006906
009093
004089
007635
001578
006582
005853
000849
000131
009417
004566
009570
008841
005295
003837
006348
005619
007077
002784
004728
009732
006186
005457
001893
004010
007239
003675
002946
007950
004647
009651
008922
005376
003918
003200
006429
007158
003594
002865
004809
009813
006267
005538
001974
008049
008760
003756
004485
008777
003055
006601
002326
007330
001273
000544
006995
009112
004108
009668
008939
000382
008221
003217
001435
002164
005710
000706
007886
009587
008858
008140
003136
002407
007411
001354
004900
002083
000625
001192
009749
000463
008302
009031
004027
001516
006520
002245
008696
007967
004504
005233
000229
000940
004898
007015
003451
002722
004180
006124
001831
002560
005789
005071
003613
000067
004342
001039
006043
005314
001750
004979
009983
003532
002803
004261
006205
001912
003370
002641
006599
005152
000148
004423
001633
003091
002362
000904
009866
000580
003415
004144
008975
003253
002524
001471
000742
005035
009310
004306
006007
008894
001714
003172
002443
001390
009947
000661
008500
004225
009785
003334
002605
004063
001552
002281
000823
005116
002999
004540
003811
000265
008104
005987
001318
006322
002047
007051
008498
007769
001156
004702
006160
005431
000427
006878
002209
007213
002920
009389
001075
004621
005350
000346
006797
006403
002128
007132
008579
001237
006241
005512
000508
006959
007688
008023
003019
003730
000184
008795
001615
003073
002344
001291
009848
000562
008401
009130
004126
009686
008957
003235
002506
007510
001453
002182
000724
005017
008876
003154
006700
002425
001372
009929
000643
009211
004207
009767
000481
008320
003316
004045
001534
002263
000805
007985
004522
005251
000247
006698
005969
006304
002029
007033
002740
001138
006142
005413
000409
007589
003631
000085
002902
004360
001057
004603
006061
005332
000328
006779
004997
007114
003550
002821
001219
006223
001930
008399
008005
005888
005170
003712
000166
004441
005215
001651
002380
000922
009884
003433
002704
004162
006106
008993
003989
001813
003271
002542
000760
005053
000049
004324
006025
001732
003190
002461
009965
003514
004243
004799
003352
002623
004081
001570
000841
005134
004405
009569
000283
008122
003118
001336
006340
002065
005611
000607
007787
001174
004720
000445
006896
009013
004009
006502
002227
007231
008678
007949
001093
003910
000364
008203
001417
006421
002146
007150
008597
007868
001255
004801
005530
000526
006977
008041
003037
002308
007312
008759
009488
008786
001606
003064
006610
002335
001282
009839
000553
009121
004117
009677
008948
000391
008230
003226
007501
001444
002173
000715
005008
007895
009596
008867
003145
002416
007420
001363
002092
000634
009202
009758
000472
008311
003307
009040
004036
001525
002254
005800
007976
004513
005242
000238
006689
007024
003460
002731
001129
006133
005404
001840
005798
005080
003622
000076
004351
001048
006052
005323
000319
007499
004988
009992
007105
003541
002812
004270
006214
001921
002650
005879
005161
003703
000157
004432
005206
001642
002371
000913
009875
003424
004153
008984
001804
003262
002533
001480
000751
005044
004315
006016
003899
001723
003181
002452
009956
000670
003505
004234
009794
003343
002614
004072
001561
002290
000832
005125
009400
003820
000274
008113
003109
005996
001327
006331
002056
005602
007060
007778
001165
004711
005440
000436
006887
009004
002218
007222
008669
009398
001084
004630
003901
000355
001408
006412
002137
007141
008588
007859
001246
006250
005521
000517
006968
007697
008032
003028
007303
000193
009479
001624
003082
002353
009857
000571
008410
003406
004135
009695
008966
003244
002515
001462
002191
000733
005026
009301
008885
001705
003163
002434
001381
009938
000652
009220
004216
009776
000490
003325
004054
007600
001543
002272
000814
005107
007994
004531
005260
003802
000256
005978
001309
006313
002038
007042
008489
001147
006151
005422
000418
006869
007598
007204
003640
000094
002911
001066
004612
006070
005341
000337
006788
002119
007123
002830
009299
001228
006232
005503
007679
008014
005897
003721
000175
004450
005224
001660
000931
004889
009893
007006
003442
002713
004171
006115
003998
001822
003280
002551
005062
003604
000058
004333
006034
005305
001741
002470
009974
005699
003523
004252
001903
003361
002632
004090
000850
005143
000139
004414
009578
008849
000292
008131
003127
007402
001345
002074
005620
000616
007796
001183
000454
009022
004018
001507
006511
002236
007240
008687
007958
009659
000373
008212
003208
001426
006430
002155
005701
007877
001264
004810
000535
006986
009103
008050
003046
002317
007321
008768
009497
004492
003763
008056
007327
004816
009820
006274
005545
001981
009109
004654
005383
003925
000379
008218
006436
005707
007165
002872
004573
003844
000298
008137
007408
009901
006355
005626
007084
002791
001189
004735
006193
005464
009028
006517
007246
003682
002953
009505
001666
006670
002395
005941
000937
009899
002001
008452
003448
002719
009181
004177
007723
001110
001828
008290
003286
006832
002557
007561
000775
008614
005068
009343
004339
000300
001747
006751
002476
007480
000694
008533
003529
009262
004258
007804
001909
008371
003367
006913
002638
004096
007642
001585
005860
000856
005149
009424
008092
003088
006634
002359
005905
007363
004852
005581
000577
008416
009145
004690
003961
008254
007525
001468
006472
002197
005743
000739
000021
009307
003880
008173
003169
006715
007444
001387
004933
006391
005662
000658
009226
004771
000496
008335
009064
007606
001549
006553
002278
005824
007282
000102
004537
009541
008812
005266
003808
000973
006319
007048
003484
002755
009703
006157
005428
001864
002593
008650
003646
002917
004375
007921
004618
009622
006076
005347
001783
007129
003565
002836
004294
007840
006238
005509
001945
002674
000892
008731
005185
003727
009460
004456
003781
008074
006616
007345
001288
004834
006292
005563
000559
009127
004672
003943
000397
008236
007507
006454
002179
005725
007183
000003
002890
004591
003862
008155
007426
001369
004915
006373
002098
005644
009208
004753
005482
000478
008317
009046
006535
005806
007264
002971
004519
009523
005248
001684
000955
008470
003466
002737
004195
007741
006139
001846
006850
002575
000793
008632
005086
003628
009361
004357
007903
009604
006058
005329
001765
002494
009998
002100
008551
003547
002818
009280
004276
007822
001927
003385
006931
002656
007660
000874
008713
005167
003709
009442
004438
000201
001648
006652
002377
005923
007381
000919
004870
000595
008434
009163
004159
007705
008272
003268
006814
002539
007543
001486
006490
005761
000757
009325
001011
001729
008191
003187
006733
002458
007462
004951
005680
000676
008515
009244
008353
003349
009082
004078
007624
001567
006571
002296
005842
000838
000120
009406
004555
008830
005284
003826
008119
000991
006337
005608
007066
002773
004717
009721
006175
005446
001882
007228
003664
002935
004393
004636
009640
006094
008911
005365
003907
006418
007147
003583
002854
009802
006256
005527
001963
002692
008038
007309
003745
000199
004474
003772
008065
006607
007336
001279
004825
006283
005554
001990
009118
004663
005392
003934
000388
008227
006445
005716
007174
002881
004582
003853
008146
007417
004906
009910
006364
002089
005635
007093
001198
004744
005473
000469
008308
009037
006526
007255
003691
002962
009514
005239
001675
005950
000946
002010
008461
003457
002728
009190
004186
007732
001837
003295
006841
002566
007570
000784
008623
005077
003619
009352
004348
006049
001756
006760
002485
009989
008542
003538
002809
009271
004267
007813
001200
001918
008380
003376
006922
002647
007651
001594
000865
008704
005158
009433
004429
001639
003097
006643
002368
005914
007372
004861
005590
000586
008425
009154
003970
008263
003259
006805
007534
001477
006481
005752
000748
000030
009316
001002
008182
003178
006724
002449
007453
001396
004942
005671
000667
008506
009235
004780
008344
009073
004069
007615
001558
006562
002287
005833
007291
000829
000111
004546
009550
008821
005275
003817
000982
006328
007057
003493
002764
004708
009712
006166
005437
001873
007219
003655
002926
004384
007930
004627
009631
006085
008902
005356
001792
006409
007138
003574
002845
006247
005518
001954
002683
008029
008740
005194
003736
004465
003790
008083
003079
006625
007354
001297
004843
005572
000568
008407
009136
004681
003952
008245
007516
001459
006463
002188
005734
007192
000012
003871
008164
006706
007435
001378
004924
006382
005653
000649
009217
004762
005491
000487
008326
009055
006544
002269
005815
007273
002980
004528
009532
008803
005257
001693
000964
007039
003475
002746
007750
006148
005419
001855
002584
008641
005095
003637
002908
009370
004366
007912
004609
009613
006067
005338
001774
008560
003556
002827
004285
007831
006229
001936
003394
006940
002665
003000
000883
008722
005176
003718
009451
004447
000210
001657
006661
002386
005932
007390
000928
008443
003439
009172
004168
007714
001101
008999
001819
008281
003277
006823
002548
007552
001495
005770
000766
008605
005059
009334
001020
001738
003196
006742
002467
007471
004960
000685
008524
009253
004249
008362
003358
006904
002629
009091
004087
007633
001576
006580
005851
000847
009415
004564
005293
003835
000289
008128
006346
005617
007075
002782
004726
009730
006184
005455
001891
009019
006508
007237
003673
002944
001099
004645
008920
005374
003916
008209
006427
007156
003592
002863
004807
009811
006265
005536
001972
008047
007318
003754
004483
008775
003053
002324
001271
009828
000542
001989
006993
009110
004106
009666
008937
000380
003215
001433
002162
000704
007884
009585
008856
003134
002405
001352
009909
002081
000623
002799
001190
009747
000461
008300
004025
001514
002243
008694
007965
004502
005231
000227
006678
005949
004896
002009
007013
002720
009189
001118
006122
008298
007569
005787
003611
000065
004340
001037
006041
005312
000308
006759
007488
004977
009981
003530
002801
006203
001910
008379
006597
005868
005150
000146
004421
001631
002360
000902
009864
005589
003413
004142
004698
008973
003969
003251
002522
000740
005033
000029
004304
006005
008892
003888
001712
003170
002441
009945
006399
004223
004779
009783
003332
002603
004061
001550
000821
005114
002997
009549
000263
008102
005985
001316
006320
002045
008496
007767
001154
004700
000425
006876
002207
007211
008658
009387
007929
001073
000344
006795
006401
002126
007130
008577
007848
001235
005510
000506
006957
007686
008021
003017
008739
000182
009468
008793
003789
001613
003071
002342
009846
000560
004124
009684
008955
003233
002504
001451
002180
000722
005015
002898
004599
008874
003152
002423
001370
009927
000641
004205
009765
003314
004043
001532
002261
000803
002979
007983
004520
000245
006696
005967
006302
002027
007031
008478
007749
001136
006140
005411
000407
006858
007587
000083
002900
009369
001055
004601
005330
000326
006777
004995
002108
007112
008559
009288
001217
006221
008397
006939
007668
008003
005886
003710
000164
005213
000209
007389
000920
004878
009882
003431
002702
004160
006104
008991
003987
001811
002540
006498
005769
005051
000047
004322
001019
006023
001730
008199
004959
009963
005688
003512
004241
004797
003350
002621
006579
005132
000128
004403
009567
008838
000281
008120
003116
000999
001334
002063
000605
007785
001172
009729
000443
006894
009011
004007
006500
002225
008676
007947
001091
009648
008919
000362
008201
001415
002144
008595
007866
001253
000524
006975
003035
002306
007310
008757
009486
008784
001604
003062
002333
001280
009837
000551
001998
004115
009675
008946
003224
001442
002171
000713
005006
002889
007893
009594
008865
003143
002414
001361
009918
002090
000632
009200
009756
000470
003305
004034
001523
002252
003699
007974
004511
005240
000236
006687
005958
002018
007022
008469
009198
001127
006131
005402
006849
007578
005796
003620
000074
001046
006050
005321
000317
006768
007497
004986
009990
007103
002810
009279
001208
006212
008388
007659
005877
003701
000155
004430
005204
001640
000911
004869
009873
005598
003422
004151
008982
003978
001802
003260
002531
006489
005042
000038
004313
006014
003897
001721
002450
009954
005679
003503
004232
004788
009792
003341
002612
004070
007299
000830
005123
000119
009558
008829
000272
008111
003107
005994
001325
002054
005600
007776
001163
000434
006885
009002
002216
007220
008667
009396
007938
001082
009639
000353
001406
006410
002135
008586
007857
001244
000515
006966
007695
008030
003026
007301
008748
000191
009477
003798
001622
003080
002351
009855
003404
004133
004689
009693
008964
003242
002513
001460
000731
005024
008883
003879
001703
003161
002432
009936
000650
004214
009774
005499
003323
004052
001541
002270
000812
005105
002988
007992
003800
000254
005976
001307
006311
002036
007040
008487
007758
001145
005420
000416
006867
007596
007202
008649
000092
009378
001064
004610
000335
006786
002117
007121
008568
009297
007839
001226
006230
005501
006948
007677
008012
003008
005895
000173
009459
005222
000218
006669
007398
004887
009891
007004
003440
002711
001109
006113
003996
001820
008289
005778
005060
003602
000056
004331
001028
006032
005303
007479
004968
009972
005697
003521
004250
001901
002630
009099
006588
005859
005141
000137
004412
009576
008847
000290
003125
007400
001343
002072
000614
007794
001181
009738
000452
001899
009020
004016
001505
002234
008685
007956
009657
008928
000371
008210
003206
001424
002153
007875
001262
009819
000533
006984
009101
003044
002315
008766
009495
004496
008771
003767
002320
009824
006278
005549
001985
004102
004658
009662
008933
005387
003929
003211
007169
000700
002876
007880
004577
009581
008852
003848
003130
002401
009905
006359
007088
002795
004739
009743
006197
005468
004021
001510
008690
003686
002957
007961
009509
000223
006674
002399
005945
004892
002005
008456
009185
007727
001114
008294
006836
007565
005783
000779
008618
000061
009347
001033
000304
006755
007484
004973
000698
008537
009266
007808
008375
006917
007646
001589
006593
005864
000142
009428
008096
006638
005909
007367
004856
009860
005585
009149
004694
003965
008258
007529
006476
005747
000025
004300
006001
003884
008177
006719
007448
004937
009941
006395
005666
004775
008339
009068
006557
005828
007286
005110
000106
002993
009545
008816
005981
000977
001312
002041
008492
003488
002759
007763
001150
009707
000421
001868
006872
002597
002203
008654
009383
004379
007925
009626
000340
001787
006791
002122
008573
003569
004298
007844
001231
000502
001949
006953
002678
007682
003013
000896
008735
005189
009464
003785
008078
007349
004838
009842
006296
005567
004120
004676
009680
008951
003947
002500
006458
005729
007187
005011
000007
002894
004595
008870
003866
008159
004919
009923
006377
005648
004201
004757
009761
005486
003310
006539
007268
002975
009527
000241
001688
006692
005963
000959
002023
008474
004199
007745
001132
000403
006854
002579
007583
000797
008636
009365
007907
001051
009608
000322
001769
006773
002498
004991
002104
008555
009284
007826
001213
008393
003389
006935
007664
005882
000878
008717
000160
009446
000205
006656
005927
007385
004874
000599
008438
009167
007709
006100
003983
008276
006818
007547
006494
005765
000043
009329
001015
008195
006737
007466
004955
005684
008519
009248
004793
008357
009086
007628
006575
005846
000124
004559
009563
008834
005288
003112
000995
001330
000601
002777
007781
009725
006179
001886
006890
004003
002221
008672
003668
002939
004397
007943
009644
006098
008915
005369
001411
002140
008591
003587
002858
007862
009806
000520
001967
006971
002696
003031
002302
008753
003749
009482
004478
008780
003776
001600
008069
004829
009833
006287
005558
001994
004111
004667
009671
008942
005396
003938
003220
006449
007178
005002
002885
004586
009590
008861
003857
002410
009914
006368
005639
007097
004748
009752
005477
003301
004030
007259
003695
002966
007970
009518
000232
001679
006683
005954
002014
008465
009194
007736
001123
003299
006845
007574
005792
000788
008627
000070
009356
001042
000313
006764
002489
007493
004982
008546
009275
007817
001204
008384
006926
007655
001598
005873
000869
008708
000151
009437
005200
006647
005918
007376
004865
005594
008429
009158
003974
008267
006809
007538
006485
005756
000034
001006
006010
003893
008186
006728
007457
004946
009950
005675
009239
004784
008348
009077
007619
006566
005837
007295
000115
009554
008825
005279
003103
005990
000986
001321
002050
003497
002768
007772
009716
000430
001877
006881
002212
008663
003659
009392
004388
007934
009635
006089
008906
001796
001402
002131
008582
003578
002849
007853
001240
000511
001958
006962
002687
007691
003022
008744
005198
009473
004469
003794
008087
006629
007358
004847
009851
005576
003400
004685
008960
003956
008249
006467
005738
007196
005020
000016
003875
008168
007439
004928
009932
006386
005657
004210
004766
009770
005495
009059
006548
005819
007277
005101
002984
009536
008807
000250
001697
005972
000968
001303
002032
008483
003479
007754
001141
000412
001859
006863
002588
007592
008645
005099
009374
007916
001060
009617
000331
001778
006782
002113
008564
009293
004289
007835
001222
003398
006944
002669
007673
003004
005891
000887
008726
009455
000214
006665
005936
007394
004883
007000
008447
009176
007718
001105
003992
008285
006827
007556
001499
005774
008609
000052
009338
001024
006746
007475
004964
005693
000689
008528
009257
008366
006908
009095
007637
006584
005855
000133
009419
004568
009572
008843
005297
003839
003121
007079
000610
002786
007790
009734
006188
005459
001895
004012
001501
002230
008681
003677
002948
007952
004649
009653
008924
005378
003202
001420
003596
002867
007871
009815
006269
001976
006980
003040
002311
008762
003758
009491
004487
008779
008061
003057
006603
002328
007332
001275
004821
005550
000546
006997
009114
003930
000384
008223
003219
001437
006441
002166
005712
007170
000708
007888
009589
008142
003138
002409
007413
001356
004902
006360
002085
005631
000627
001194
004740
000465
008304
009033
004029
001518
006522
002247
007251
008698
007969
004506
009510
005235
001671
000942
007017
003453
002724
004182
006126
001833
003291
002562
000780
005073
003615
000069
004344
006045
005316
001752
002481
009985
003534
002805
004263
006207
001914
003372
002643
001590
000861
008700
005154
004425
001635
003093
002364
005910
000906
009868
000582
008421
003417
009150
004146
008977
003255
006801
002526
007530
001473
000744
005037
009312
004308
006009
008896
001716
003174
006720
002445
001392
009949
000663
008502
009231
004227
009787
008340
003336
002607
004065
007611
001554
002283
000825
005118
004542
005271
003813
000267
008106
005989
006324
002049
007053
002760
001158
004704
006162
005433
000429
007215
003651
002922
004380
001077
004623
006081
005352
000348
006799
006405
007134
003570
002841
001239
006243
005514
001950
008025
005190
003732
000186
004461
008797
001617
003075
006621
002346
007350
001293
000564
008403
009132
004128
009688
008959
008241
003237
002508
007512
001455
002184
005730
000726
005019
008878
008160
003156
006702
002427
007431
001374
004920
000645
009213
004209
009769
000483
008322
003318
009051
004047
001536
006540
002265
005811
000807
007987
004524
005253
000249
000960
006306
007035
003471
002742
006144
005415
001851
002580
005091
003633
000087
002904
004362
001059
004605
006063
005334
001770
004999
007116
003552
002823
004281
006225
001932
003390
002661
008007
005172
003714
000168
004443
005217
001653
002382
000924
009886
003435
002706
004164
007710
006108
008995
001815
003273
002544
001491
000762
008601
005055
009330
004326
006027
001734
003192
002463
009967
000681
008520
003516
004245
003354
006900
002625
004083
001572
000843
005136
009411
004407
004560
003831
000285
008124
001338
006342
002067
005613
007071
000609
007789
001176
004722
006180
005451
000447
006898
009015
006504
002229
007233
002940
001095
004641
005370
003912
000366
008205
001419
006423
002148
007152
008599
001257
004803
006261
005532
000528
006979
008043
003039
007314
003750
008788
001608
008070
003066
006612
002337
007341
001284
004830
000555
009123
004119
009679
000393
008232
003228
007503
001446
006450
002175
005721
000717
007897
009598
008869
008151
003147
002418
007422
001365
004911
002094
005640
000636
009204
000474
008313
003309
009042
004038
001527
006531
002256
005802
007260
007978
004515
005244
001680
000951
007026
003462
002733
004191
006135
005406
001842
002571
005082
003624
000078
004353
009600
006054
005325
001761
002490
009994
007107
003543
002814
004272
006216
001923
003381
002652
000870
005163
003705
000159
004434
005208
001644
002373
000915
009877
000591
008430
003426
004155
007701
008986
001806
003264
006810
002535
001482
000753
005046
009321
004317
006018
001725
003183
002454
009958
000672
008511
003507
009240
004236
009796
003345
002616
004074
007620
001563
002292
000834
005127
009402
004551
005280
003822
000276
008115
005998
001329
006333
002058
005604
007062
001167
004713
006171
005442
000438
006889
009006
007224
003660
002931
001086
004632
006090
005361
003903
000357
006414
002139
007143
002850
001248
006252
005523
000519
007699
008034
007305
003741
000195
004470
001626
003084
006630
002355
005901
009859
000573
008412
003408
009141
004137
009697
008968
008250
003246
002517
007521
001464
002193
000735
005028
009303
008887
001707
003165
006711
002436
007440
001383
000654
009222
004218
009778
000492
008331
003327
009060
004056
007602
001545
002274
005820
000816
005109
007996
004533
005262
003804
000258
006315
007044
003480
002751
001149
006153
005424
001860
007206
003642
000096
002913
004371
001068
004614
006072
005343
000339
007125
003561
002832
004290
006234
005505
001941
002670
008016
005899
005181
003723
000177
004452
009501
005226
001662
002391
000933
009895
007008
003444
002715
004173
006117
001824
003282
002553
000771
008610
005064
003606
004335
006036
005307
001743
002472
009976
000690
003525
004254
007800
001905
003363
002634
004092
001581
000852
005145
009420
004416
003840
000294
008133
003129
007404
001347
006351
002076
005622
007080
000618
007798
001185
004731
005460
000456
009024
001509
006513
002238
007242
008689
004650
003921
000375
008214
001428
006432
002157
005703
007161
007879
001266
004812
006270
005541
000537
006988
009105
008052
003048
002319
007323
009499
